time	V(out)
	0.000000e+000	1.213128e+001
	1.081879e-009	1.213130e+001
	3.245636e-009	1.213134e+001
	7.573151e-009	1.213141e+001
	1.257315e-008	1.213149e+001
	1.757315e-008	1.213156e+001
	2.013224e-008	1.213159e+001
	2.170454e-008	1.213161e+001
	2.274956e-008	1.213162e+001
	2.358577e-008	1.213163e+001
	2.434685e-008	1.213163e+001
	2.514336e-008	1.213163e+001
	2.613000e-008	1.213162e+001
	2.702224e-008	1.213160e+001
	2.801423e-008	1.213155e+001
	2.894314e-008	1.213146e+001
	2.993874e-008	1.213130e+001
	3.090501e-008	1.213102e+001
	3.192638e-008	1.213057e+001
	3.233441e-008	1.213032e+001
	3.260929e-008	1.213012e+001
	3.279300e-008	1.212996e+001
	3.293476e-008	1.212983e+001
	3.307220e-008	1.212969e+001
	3.324527e-008	1.212951e+001
	3.344672e-008	1.212929e+001
	3.370507e-008	1.212898e+001
	3.400639e-008	1.212861e+001
	3.431615e-008	1.212823e+001
	3.467021e-008	1.212780e+001
	3.509044e-008	1.212732e+001
	3.555026e-008	1.212681e+001
	3.606214e-008	1.212626e+001
	3.657142e-008	1.212572e+001
	3.721579e-008	1.212505e+001
	3.805427e-008	1.212418e+001
	3.889955e-008	1.212332e+001
	3.978241e-008	1.212244e+001
	4.072288e-008	1.212152e+001
	4.174108e-008	1.212053e+001
	4.282965e-008	1.211950e+001
	4.404468e-008	1.211837e+001
	4.539368e-008	1.211715e+001
	4.697526e-008	1.211574e+001
	4.887979e-008	1.211409e+001
	5.086079e-008	1.211240e+001
	5.269413e-008	1.211089e+001
	5.636081e-008	1.210795e+001
	6.369418e-008	1.210230e+001
	7.189517e-008	1.209628e+001
	8.246543e-008	1.208890e+001
	9.464945e-008	1.208087e+001
	1.131263e-007	1.206955e+001
	1.392767e-007	1.205499e+001
	1.727713e-007	1.203880e+001
	2.329769e-007	1.201573e+001
	3.506138e-007	1.198441e+001
	5.335674e-007	1.195740e+001
	8.994745e-007	1.193219e+001
	9.909513e-007	1.192937e+001
	1.173905e-006	1.192707e+001
	1.222630e-006	1.192655e+001
	1.301617e-006	1.192580e+001
	1.305661e-006	1.192576e+001
	1.307699e-006	1.192574e+001
	1.309361e-006	1.192573e+001
	1.311610e-006	1.192572e+001
	1.313292e-006	1.192572e+001
	1.314764e-006	1.192574e+001
	1.316128e-006	1.192578e+001
	1.317574e-006	1.192587e+001
	1.318902e-006	1.192603e+001
	1.320364e-006	1.192634e+001
	1.321247e-006	1.192662e+001
	1.321940e-006	1.192692e+001
	1.322154e-006	1.192703e+001
	1.322390e-006	1.192717e+001
	1.322577e-006	1.192729e+001
	1.322764e-006	1.192741e+001
	1.322951e-006	1.192754e+001
	1.323138e-006	1.192768e+001
	1.323325e-006	1.192783e+001
	1.323512e-006	1.192798e+001
	1.323699e-006	1.192813e+001
	1.324578e-006	1.192889e+001
	1.325987e-006	1.193020e+001
	1.328804e-006	1.193294e+001
	1.331787e-006	1.193587e+001
	1.335100e-006	1.193912e+001
	1.338551e-006	1.194246e+001
	1.341844e-006	1.194560e+001
	1.344871e-006	1.194845e+001
	1.347527e-006	1.195092e+001
	1.349954e-006	1.195315e+001
	1.352388e-006	1.195536e+001
	1.354857e-006	1.195757e+001
	1.358450e-006	1.196074e+001
	1.362504e-006	1.196426e+001
	1.367730e-006	1.196870e+001
	1.373498e-006	1.197348e+001
	1.380844e-006	1.197939e+001
	1.389039e-006	1.198576e+001
	1.396797e-006	1.199158e+001
	1.404490e-006	1.199716e+001
	1.412025e-006	1.200242e+001
	1.419724e-006	1.200762e+001
	1.427346e-006	1.201258e+001
	1.435046e-006	1.201742e+001
	1.442671e-006	1.202205e+001
	1.450354e-006	1.202654e+001
	1.457990e-006	1.203086e+001
	1.465670e-006	1.203504e+001
	1.473860e-006	1.203933e+001
	1.522855e-006	1.206175e+001
	1.566365e-006	1.207758e+001
	1.599827e-006	1.208754e+001
	1.648706e-006	1.209915e+001
	1.732138e-006	1.211465e+001
	1.750224e-006	1.211722e+001
	1.786398e-006	1.212123e+001
	1.840659e-006	1.212574e+001
	1.884746e-006	1.212852e+001
	1.897727e-006	1.212909e+001
	1.910708e-006	1.212961e+001
	1.923689e-006	1.213009e+001
	1.936670e-006	1.213053e+001
	1.949651e-006	1.213091e+001
	1.962632e-006	1.213125e+001
	1.975614e-006	1.213154e+001
	1.976744e-006	1.213157e+001
	1.979005e-006	1.213161e+001
	1.983527e-006	1.213168e+001
	1.988527e-006	1.213176e+001
	1.993527e-006	1.213184e+001
	1.995851e-006	1.213187e+001
	1.997337e-006	1.213188e+001
	1.998338e-006	1.213190e+001
	1.999200e-006	1.213190e+001
	1.999970e-006	1.213190e+001
	2.000769e-006	1.213190e+001
	2.001754e-006	1.213190e+001
	2.002647e-006	1.213187e+001
	2.003638e-006	1.213182e+001
	2.004568e-006	1.213174e+001
	2.005563e-006	1.213157e+001
	2.006530e-006	1.213129e+001
	2.007551e-006	1.213084e+001
	2.007958e-006	1.213060e+001
	2.008233e-006	1.213039e+001
	2.008416e-006	1.213023e+001
	2.008558e-006	1.213010e+001
	2.008696e-006	1.212996e+001
	2.008867e-006	1.212978e+001
	2.009081e-006	1.212954e+001
	2.009347e-006	1.212922e+001
	2.009633e-006	1.212887e+001
	2.009970e-006	1.212846e+001
	2.010318e-006	1.212804e+001
	2.010734e-006	1.212757e+001
	2.011188e-006	1.212707e+001
	2.011713e-006	1.212650e+001
	2.012214e-006	1.212597e+001
	2.012882e-006	1.212527e+001
	2.013709e-006	1.212442e+001
	2.014569e-006	1.212355e+001
	2.015445e-006	1.212268e+001
	2.016399e-006	1.212174e+001
	2.017411e-006	1.212077e+001
	2.018516e-006	1.211972e+001
	2.019727e-006	1.211860e+001
	2.021099e-006	1.211736e+001
	2.022682e-006	1.211595e+001
	2.024633e-006	1.211426e+001
	2.026549e-006	1.211264e+001
	2.028471e-006	1.211105e+001
	2.032314e-006	1.210799e+001
	2.039999e-006	1.210210e+001
	2.048157e-006	1.209613e+001
	2.059027e-006	1.208859e+001
	2.071307e-006	1.208054e+001
	2.090611e-006	1.206881e+001
	2.117443e-006	1.205403e+001
	2.152100e-006	1.203756e+001
	2.215120e-006	1.201405e+001
	2.341161e-006	1.198193e+001
	2.532452e-006	1.195552e+001
	2.915034e-006	1.193171e+001
	3.010680e-006	1.192910e+001
	3.201971e-006	1.192698e+001
	3.234311e-006	1.192667e+001
	3.280983e-006	1.192625e+001
	3.282249e-006	1.192623e+001
	3.284239e-006	1.192622e+001
	3.285962e-006	1.192621e+001
	3.287881e-006	1.192620e+001
	3.289534e-006	1.192620e+001
	3.291018e-006	1.192621e+001
	3.292403e-006	1.192624e+001
	3.293874e-006	1.192631e+001
	3.295205e-006	1.192645e+001
	3.296626e-006	1.192669e+001
	3.297533e-006	1.192694e+001
	3.298289e-006	1.192722e+001
	3.298631e-006	1.192738e+001
	3.298789e-006	1.192746e+001
	3.298865e-006	1.192750e+001
	3.299252e-006	1.192774e+001
	3.299460e-006	1.192788e+001
	3.299667e-006	1.192803e+001
	3.299874e-006	1.192818e+001
	3.300081e-006	1.192834e+001
	3.300288e-006	1.192851e+001
	3.300496e-006	1.192868e+001
	3.300703e-006	1.192886e+001
	3.302161e-006	1.193017e+001
	3.303882e-006	1.193181e+001
	3.307018e-006	1.193489e+001
	3.310800e-006	1.193861e+001
	3.314280e-006	1.194199e+001
	3.317547e-006	1.194512e+001
	3.320681e-006	1.194808e+001
	3.323493e-006	1.195070e+001
	3.325915e-006	1.195293e+001
	3.328461e-006	1.195525e+001
	3.330904e-006	1.195745e+001
	3.334233e-006	1.196040e+001
	3.338140e-006	1.196381e+001
	3.343094e-006	1.196804e+001
	3.348688e-006	1.197270e+001
	3.355643e-006	1.197834e+001
	3.363809e-006	1.198474e+001
	3.371592e-006	1.199063e+001
	3.379352e-006	1.199630e+001
	3.386861e-006	1.200159e+001
	3.394572e-006	1.200684e+001
	3.402173e-006	1.201183e+001
	3.409890e-006	1.201672e+001
	3.417503e-006	1.202138e+001
	3.425197e-006	1.202592e+001
	3.432823e-006	1.203026e+001
	3.440510e-006	1.203449e+001
	3.457747e-006	1.204340e+001
	3.468961e-006	1.204879e+001
	3.480175e-006	1.205393e+001
	3.491389e-006	1.205881e+001
	3.502603e-006	1.206343e+001
	3.513817e-006	1.206780e+001
	3.525032e-006	1.207191e+001
	3.536246e-006	1.207576e+001
	3.567267e-006	1.208539e+001
	3.610912e-006	1.209647e+001
	3.683414e-006	1.211113e+001
	3.711768e-006	1.211551e+001
	3.768477e-006	1.212225e+001
	3.778973e-006	1.212329e+001
	3.799966e-006	1.212504e+001
	3.815577e-006	1.212619e+001
	3.831188e-006	1.212724e+001
	3.846798e-006	1.212818e+001
	3.862409e-006	1.212901e+001
	3.878020e-006	1.212974e+001
	3.893631e-006	1.213036e+001
	3.909242e-006	1.213087e+001
	3.951836e-006	1.213196e+001
	3.953053e-006	1.213198e+001
	3.955487e-006	1.213202e+001
	3.960356e-006	1.213211e+001
	3.965356e-006	1.213219e+001
	3.970356e-006	1.213226e+001
	3.972322e-006	1.213228e+001
	3.973651e-006	1.213230e+001
	3.974574e-006	1.213231e+001
	3.975344e-006	1.213231e+001
	3.976124e-006	1.213231e+001
	3.976984e-006	1.213231e+001
	3.977943e-006	1.213229e+001
	3.978858e-006	1.213226e+001
	3.979830e-006	1.213218e+001
	3.980782e-006	1.213206e+001
	3.981772e-006	1.213183e+001
	3.982760e-006	1.213144e+001
	3.983584e-006	1.213098e+001
	3.983962e-006	1.213069e+001
	3.984190e-006	1.213049e+001
	3.984351e-006	1.213033e+001
	3.984519e-006	1.213015e+001
	3.984736e-006	1.212990e+001
	3.985015e-006	1.212957e+001
	3.985297e-006	1.212922e+001
	3.985646e-006	1.212879e+001
	3.986002e-006	1.212837e+001
	3.986412e-006	1.212790e+001
	3.986850e-006	1.212742e+001
	3.987342e-006	1.212689e+001
	3.987860e-006	1.212635e+001
	3.988557e-006	1.212562e+001
	3.989374e-006	1.212478e+001
	3.990225e-006	1.212392e+001
	3.991121e-006	1.212303e+001
	3.992066e-006	1.212210e+001
	3.993093e-006	1.212111e+001
	3.994194e-006	1.212008e+001
	3.995424e-006	1.211894e+001
	3.996794e-006	1.211770e+001
	3.998409e-006	1.211627e+001
	4.000371e-006	1.211457e+001
	4.002252e-006	1.211298e+001
	4.004253e-006	1.211133e+001
	4.008257e-006	1.210815e+001
	4.016264e-006	1.210203e+001
	4.024397e-006	1.209611e+001
	4.035546e-006	1.208841e+001
	4.047938e-006	1.208033e+001
	4.068046e-006	1.206820e+001
	4.095597e-006	1.205318e+001
	4.131402e-006	1.203640e+001
	4.196333e-006	1.201268e+001
	4.326197e-006	1.198057e+001
	4.521302e-006	1.195471e+001
	4.911511e-006	1.193174e+001
	5.009063e-006	1.192923e+001
	5.134549e-006	1.192789e+001
	5.165921e-006	1.192757e+001
	5.257186e-006	1.192674e+001
	5.261050e-006	1.192671e+001
	5.262990e-006	1.192669e+001
	5.264647e-006	1.192668e+001
	5.266857e-006	1.192667e+001
	5.268556e-006	1.192667e+001
	5.270041e-006	1.192669e+001
	5.271414e-006	1.192673e+001
	5.272874e-006	1.192681e+001
	5.274201e-006	1.192696e+001
	5.275644e-006	1.192723e+001
	5.276533e-006	1.192750e+001
	5.277283e-006	1.192780e+001
	5.277535e-006	1.192793e+001
	5.277654e-006	1.192799e+001
	5.277723e-006	1.192803e+001
	5.277793e-006	1.192807e+001
	5.277862e-006	1.192812e+001
	5.277931e-006	1.192816e+001
	5.278001e-006	1.192820e+001
	5.278070e-006	1.192825e+001
	5.278139e-006	1.192830e+001
	5.278437e-006	1.192850e+001
	5.278722e-006	1.192872e+001
	5.279292e-006	1.192918e+001
	5.280432e-006	1.193019e+001
	5.281968e-006	1.193163e+001
	5.285040e-006	1.193464e+001
	5.288224e-006	1.193777e+001
	5.291545e-006	1.194102e+001
	5.294945e-006	1.194429e+001
	5.298188e-006	1.194738e+001
	5.301133e-006	1.195014e+001
	5.303646e-006	1.195246e+001
	5.306075e-006	1.195469e+001
	5.308509e-006	1.195689e+001
	5.311243e-006	1.195933e+001
	5.314986e-006	1.196262e+001
	5.319325e-006	1.196637e+001
	5.324711e-006	1.197092e+001
	5.330846e-006	1.197596e+001
	5.338502e-006	1.198206e+001
	5.346525e-006	1.198824e+001
	5.354311e-006	1.199403e+001
	5.361919e-006	1.199949e+001
	5.369531e-006	1.200476e+001
	5.377181e-006	1.200988e+001
	5.384848e-006	1.201482e+001
	5.392508e-006	1.201959e+001
	5.400165e-006	1.202420e+001
	5.407821e-006	1.202864e+001
	5.415481e-006	1.203292e+001
	5.423141e-006	1.203705e+001
	5.453244e-006	1.205188e+001
	5.464180e-006	1.205674e+001
	5.475116e-006	1.206137e+001
	5.486052e-006	1.206576e+001
	5.496987e-006	1.206993e+001
	5.507923e-006	1.207387e+001
	5.518859e-006	1.207758e+001
	5.529795e-006	1.208106e+001
	5.566288e-006	1.209139e+001
	5.622111e-006	1.210359e+001
	5.720663e-006	1.211838e+001
	5.828060e-006	1.212914e+001
	5.829318e-006	1.212921e+001
	5.854490e-006	1.213038e+001
	5.881339e-006	1.213143e+001
	5.883472e-006	1.213150e+001
	5.926841e-006	1.213261e+001
	5.927545e-006	1.213262e+001
	5.928954e-006	1.213265e+001
	5.931772e-006	1.213270e+001
	5.936772e-006	1.213278e+001
	5.941772e-006	1.213286e+001
	5.946772e-006	1.213293e+001
	5.948733e-006	1.213295e+001
	5.950061e-006	1.213297e+001
	5.950929e-006	1.213297e+001
	5.951725e-006	1.213297e+001
	5.952584e-006	1.213297e+001
	5.953557e-006	1.213295e+001
	5.954464e-006	1.213292e+001
	5.955444e-006	1.213285e+001
	5.956392e-006	1.213272e+001
	5.957386e-006	1.213249e+001
	5.958372e-006	1.213211e+001
	5.959197e-006	1.213164e+001
	5.959576e-006	1.213136e+001
	5.959804e-006	1.213115e+001
	5.959965e-006	1.213099e+001
	5.960133e-006	1.213081e+001
	5.960350e-006	1.213056e+001
	5.960627e-006	1.213023e+001
	5.960909e-006	1.212988e+001
	5.961257e-006	1.212945e+001
	5.961612e-006	1.212903e+001
	5.962023e-006	1.212857e+001
	5.962462e-006	1.212809e+001
	5.962953e-006	1.212756e+001
	5.963471e-006	1.212701e+001
	5.964165e-006	1.212628e+001
	5.964984e-006	1.212544e+001
	5.965835e-006	1.212458e+001
	5.966729e-006	1.212369e+001
	5.967676e-006	1.212276e+001
	5.968701e-006	1.212177e+001
	5.969802e-006	1.212073e+001
	5.971031e-006	1.211959e+001
	5.972401e-006	1.211835e+001
	5.974013e-006	1.211693e+001
	5.975974e-006	1.211523e+001
	5.977858e-006	1.211363e+001
	5.979852e-006	1.211199e+001
	5.983839e-006	1.210881e+001
	5.991815e-006	1.210272e+001
	5.999950e-006	1.209678e+001
	6.011071e-006	1.208909e+001
	6.023452e-006	1.208101e+001
	6.043478e-006	1.206891e+001
	6.070956e-006	1.205389e+001
	6.106641e-006	1.203713e+001
	6.171324e-006	1.201342e+001
	6.300691e-006	1.198129e+001
	6.495317e-006	1.195534e+001
	6.884568e-006	1.193226e+001
	6.981881e-006	1.192974e+001
	7.110245e-006	1.192835e+001
	7.142336e-006	1.192803e+001
	7.230968e-006	1.192722e+001
	7.232814e-006	1.192720e+001
	7.236507e-006	1.192717e+001
	7.238292e-006	1.192717e+001
	7.240116e-006	1.192717e+001
	7.241606e-006	1.192718e+001
	7.242982e-006	1.192721e+001
	7.244457e-006	1.192728e+001
	7.245799e-006	1.192741e+001
	7.247202e-006	1.192765e+001
	7.248107e-006	1.192789e+001
	7.248867e-006	1.192817e+001
	7.249229e-006	1.192834e+001
	7.249399e-006	1.192842e+001
	7.249477e-006	1.192847e+001
	7.249856e-006	1.192870e+001
	7.250001e-006	1.192879e+001
	7.250146e-006	1.192890e+001
	7.250291e-006	1.192900e+001
	7.250436e-006	1.192911e+001
	7.250582e-006	1.192922e+001
	7.250727e-006	1.192933e+001
	7.250872e-006	1.192945e+001
	7.251658e-006	1.193012e+001
	7.253184e-006	1.193153e+001
	7.255849e-006	1.193410e+001
	7.258818e-006	1.193703e+001
	7.262179e-006	1.194033e+001
	7.265642e-006	1.194368e+001
	7.268939e-006	1.194683e+001
	7.271989e-006	1.194971e+001
	7.274682e-006	1.195221e+001
	7.277108e-006	1.195444e+001
	7.279542e-006	1.195665e+001
	7.282005e-006	1.195886e+001
	7.285520e-006	1.196197e+001
	7.289543e-006	1.196547e+001
	7.294685e-006	1.196985e+001
	7.300412e-006	1.197461e+001
	7.307639e-006	1.198043e+001
	7.315917e-006	1.198688e+001
	7.323637e-006	1.199269e+001
	7.331378e-006	1.199831e+001
	7.338872e-006	1.200356e+001
	7.346602e-006	1.200879e+001
	7.354196e-006	1.201375e+001
	7.361921e-006	1.201862e+001
	7.369526e-006	1.202324e+001
	7.377226e-006	1.202776e+001
	7.384848e-006	1.203208e+001
	7.392539e-006	1.203628e+001
	7.410227e-006	1.204536e+001
	7.421905e-006	1.205092e+001
	7.433584e-006	1.205621e+001
	7.445262e-006	1.206122e+001
	7.456940e-006	1.206596e+001
	7.468618e-006	1.207042e+001
	7.480296e-006	1.207461e+001
	7.491974e-006	1.207852e+001
	7.524832e-006	1.208841e+001
	7.572324e-006	1.209989e+001
	7.652911e-006	1.211522e+001
	7.671757e-006	1.211797e+001
	7.709447e-006	1.212229e+001
	7.720216e-006	1.212337e+001
	7.730985e-006	1.212438e+001
	7.741753e-006	1.212534e+001
	7.752522e-006	1.212622e+001
	7.763291e-006	1.212705e+001
	7.774059e-006	1.212781e+001
	7.784828e-006	1.212850e+001
	7.795473e-006	1.212913e+001
	7.806118e-006	1.212971e+001
	7.816763e-006	1.213024e+001
	7.827408e-006	1.213072e+001
	7.838053e-006	1.213115e+001
	7.848698e-006	1.213152e+001
	7.859343e-006	1.213185e+001
	7.902144e-006	1.213304e+001
	7.903482e-006	1.213307e+001
	7.906157e-006	1.213311e+001
	7.911507e-006	1.213321e+001
	7.916507e-006	1.213328e+001
	7.921507e-006	1.213336e+001
	7.923470e-006	1.213338e+001
	7.924799e-006	1.213340e+001
	7.925891e-006	1.213340e+001
	7.926730e-006	1.213341e+001
	7.927564e-006	1.213341e+001
	7.928546e-006	1.213339e+001
	7.929453e-006	1.213337e+001
	7.930439e-006	1.213331e+001
	7.931379e-006	1.213320e+001
	7.932373e-006	1.213301e+001
	7.933349e-006	1.213268e+001
	7.934374e-006	1.213215e+001
	7.934777e-006	1.213187e+001
	7.935046e-006	1.213164e+001
	7.935214e-006	1.213148e+001
	7.935386e-006	1.213130e+001
	7.935558e-006	1.213110e+001
	7.935828e-006	1.213078e+001
	7.936103e-006	1.213045e+001
	7.936438e-006	1.213003e+001
	7.936772e-006	1.212963e+001
	7.937205e-006	1.212913e+001
	7.937634e-006	1.212866e+001
	7.938141e-006	1.212811e+001
	7.938643e-006	1.212758e+001
	7.939279e-006	1.212691e+001
	7.940079e-006	1.212609e+001
	7.940942e-006	1.212521e+001
	7.941807e-006	1.212434e+001
	7.942750e-006	1.212342e+001
	7.943747e-006	1.212245e+001
	7.944836e-006	1.212142e+001
	7.946022e-006	1.212032e+001
	7.947364e-006	1.211910e+001
	7.948897e-006	1.211773e+001
	7.950765e-006	1.211610e+001
	7.952491e-006	1.211463e+001
	7.954326e-006	1.211311e+001
	7.957995e-006	1.211016e+001
	7.965334e-006	1.210450e+001
	7.973312e-006	1.209862e+001
	7.983747e-006	1.209132e+001
	7.995587e-006	1.208348e+001
	8.013700e-006	1.207233e+001
	8.038763e-006	1.205826e+001
	8.071470e-006	1.204226e+001
	8.128940e-006	1.201967e+001
	8.236154e-006	1.198989e+001
	8.413022e-006	1.196207e+001
	8.766757e-006	1.193523e+001
	8.855190e-006	1.193219e+001
	9.032058e-006	1.192969e+001
	9.076275e-006	1.192916e+001
	9.091857e-006	1.192900e+001
	9.107438e-006	1.192883e+001
	9.123020e-006	1.192867e+001
	9.138602e-006	1.192851e+001
	9.154184e-006	1.192836e+001
	9.169766e-006	1.192821e+001
	9.185347e-006	1.192806e+001
	9.206771e-006	1.192786e+001
	9.209947e-006	1.192783e+001
	9.211835e-006	1.192781e+001
	9.213449e-006	1.192780e+001
	9.215608e-006	1.192779e+001
	9.217376e-006	1.192779e+001
	9.218899e-006	1.192780e+001
	9.220294e-006	1.192783e+001
	9.221624e-006	1.192789e+001
	9.223008e-006	1.192801e+001
	9.224374e-006	1.192822e+001
	9.225353e-006	1.192847e+001
	9.226167e-006	1.192876e+001
	9.226607e-006	1.192895e+001
	9.226793e-006	1.192904e+001
	9.226879e-006	1.192909e+001
	9.227245e-006	1.192931e+001
	9.227371e-006	1.192940e+001
	9.227496e-006	1.192948e+001
	9.227622e-006	1.192957e+001
	9.227747e-006	1.192966e+001
	9.227872e-006	1.192976e+001
	9.227998e-006	1.192985e+001
	9.228123e-006	1.192996e+001
	9.228920e-006	1.193063e+001
	9.230513e-006	1.193208e+001
	9.232170e-006	1.193367e+001
	9.235484e-006	1.193693e+001
	9.239270e-006	1.194065e+001
	9.242690e-006	1.194397e+001
	9.245937e-006	1.194707e+001
	9.249049e-006	1.195001e+001
	9.251807e-006	1.195257e+001
	9.254229e-006	1.195480e+001
	9.256663e-006	1.195701e+001
	9.259116e-006	1.195922e+001
	9.262515e-006	1.196223e+001
	9.266489e-006	1.196569e+001
	9.271509e-006	1.196997e+001
	9.277173e-006	1.197468e+001
	9.284226e-006	1.198038e+001
	9.292522e-006	1.198687e+001
	9.300234e-006	1.199269e+001
	9.308017e-006	1.199835e+001
	9.315487e-006	1.200360e+001
	9.323233e-006	1.200886e+001
	9.330810e-006	1.201382e+001
	9.338550e-006	1.201871e+001
	9.346144e-006	1.202335e+001
	9.353853e-006	1.202788e+001
	9.361466e-006	1.203221e+001
	9.369165e-006	1.203642e+001
	9.386599e-006	1.204541e+001
	9.398013e-006	1.205087e+001
	9.409426e-006	1.205607e+001
	9.420840e-006	1.206100e+001
	9.432253e-006	1.206567e+001
	9.443666e-006	1.207008e+001
	9.455080e-006	1.207422e+001
	9.466493e-006	1.207810e+001
	9.498322e-006	1.208785e+001
	9.543581e-006	1.209909e+001
	9.627707e-006	1.211570e+001
	9.676767e-006	1.212172e+001
	9.713563e-006	1.212545e+001
	9.721739e-006	1.212616e+001
	9.738093e-006	1.212741e+001
	9.752752e-006	1.212843e+001
	9.767411e-006	1.212935e+001
	9.782070e-006	1.213017e+001
	9.796728e-006	1.213090e+001
	9.811387e-006	1.213154e+001
	9.826046e-006	1.213208e+001
	9.840705e-006	1.213252e+001
	9.877220e-006	1.213350e+001
	9.878361e-006	1.213353e+001
	9.880643e-006	1.213357e+001
	9.885207e-006	1.213365e+001
	9.890207e-006	1.213374e+001
	9.895207e-006	1.213381e+001
	9.897483e-006	1.213384e+001
	9.898948e-006	1.213386e+001
	9.899939e-006	1.213387e+001
	9.900806e-006	1.213388e+001
	9.901579e-006	1.213389e+001
	9.902378e-006	1.213389e+001
	9.903362e-006	1.213388e+001
	9.904257e-006	1.213386e+001
	9.905247e-006	1.213381e+001
	9.906177e-006	1.213372e+001
	9.907172e-006	1.213356e+001
	9.908139e-006	1.213328e+001
	9.909160e-006	1.213282e+001
	9.909567e-006	1.213258e+001
	9.909841e-006	1.213237e+001
	9.910025e-006	1.213222e+001
	9.910166e-006	1.213208e+001
	9.910305e-006	1.213195e+001
	9.910475e-006	1.213177e+001
	9.910691e-006	1.213152e+001
	9.910959e-006	1.213120e+001
	9.911244e-006	1.213085e+001
	9.911582e-006	1.213043e+001
	9.911931e-006	1.213002e+001
	9.912346e-006	1.212955e+001
	9.912798e-006	1.212905e+001
	9.913326e-006	1.212848e+001
	9.913826e-006	1.212795e+001
	9.914498e-006	1.212725e+001
	9.915322e-006	1.212640e+001
	9.916186e-006	1.212553e+001
	9.917059e-006	1.212465e+001
	9.918017e-006	1.212372e+001
	9.919027e-006	1.212274e+001
	9.920136e-006	1.212170e+001
	9.921345e-006	1.212057e+001
	9.922723e-006	1.211933e+001
	9.924304e-006	1.211792e+001
	9.926265e-006	1.211623e+001
	9.928169e-006	1.211461e+001
	9.930108e-006	1.211301e+001
	9.933988e-006	1.210992e+001
	9.941746e-006	1.210398e+001
	9.949894e-006	1.209803e+001
	9.960825e-006	1.209044e+001
	9.973124e-006	1.208240e+001
	9.992601e-006	1.207058e+001
	1.001957e-005	1.205575e+001
	1.005446e-005	1.203922e+001
	1.011808e-005	1.201560e+001
	1.024532e-005	1.198344e+001
	1.043863e-005	1.195708e+001
	1.082526e-005	1.193349e+001
	1.092192e-005	1.193092e+001
	1.107932e-005	1.192920e+001
	1.109049e-005	1.192908e+001
	1.110166e-005	1.192897e+001
	1.111283e-005	1.192887e+001
	1.112400e-005	1.192876e+001
	1.113517e-005	1.192866e+001
	1.114634e-005	1.192855e+001
	1.115750e-005	1.192846e+001
	1.118119e-005	1.192824e+001
	1.118258e-005	1.192823e+001
	1.118438e-005	1.192822e+001
	1.118610e-005	1.192820e+001
	1.118801e-005	1.192820e+001
	1.118966e-005	1.192820e+001
	1.119115e-005	1.192821e+001
	1.119253e-005	1.192824e+001
	1.119400e-005	1.192831e+001
	1.119534e-005	1.192844e+001
	1.119675e-005	1.192869e+001
	1.119766e-005	1.192893e+001
	1.119842e-005	1.192922e+001
	1.119877e-005	1.192938e+001
	1.119893e-005	1.192946e+001
	1.119901e-005	1.192950e+001
	1.119938e-005	1.192973e+001
	1.119955e-005	1.192984e+001
	1.119972e-005	1.192996e+001
	1.119990e-005	1.193009e+001
	1.120007e-005	1.193022e+001
	1.120024e-005	1.193035e+001
	1.120041e-005	1.193049e+001
	1.120058e-005	1.193064e+001
	1.120179e-005	1.193169e+001
	1.120340e-005	1.193320e+001
	1.120621e-005	1.193596e+001
	1.120983e-005	1.193952e+001
	1.121336e-005	1.194296e+001
	1.121668e-005	1.194616e+001
	1.121988e-005	1.194920e+001
	1.122281e-005	1.195194e+001
	1.122527e-005	1.195421e+001
	1.122769e-005	1.195643e+001
	1.123013e-005	1.195863e+001
	1.123299e-005	1.196118e+001
	1.123677e-005	1.196450e+001
	1.124124e-005	1.196836e+001
	1.124667e-005	1.197293e+001
	1.125297e-005	1.197810e+001
	1.126073e-005	1.198426e+001
	1.126871e-005	1.199039e+001
	1.127649e-005	1.199615e+001
	1.128408e-005	1.200157e+001
	1.129171e-005	1.200684e+001
	1.129935e-005	1.201193e+001
	1.130702e-005	1.201687e+001
	1.131468e-005	1.202162e+001
	1.132234e-005	1.202621e+001
	1.132999e-005	1.203063e+001
	1.133766e-005	1.203490e+001
	1.134531e-005	1.203901e+001
	1.137590e-005	1.205401e+001
	1.138709e-005	1.205895e+001
	1.139828e-005	1.206365e+001
	1.140947e-005	1.206810e+001
	1.142066e-005	1.207233e+001
	1.143185e-005	1.207631e+001
	1.144304e-005	1.208005e+001
	1.145423e-005	1.208356e+001
	1.149192e-005	1.209402e+001
	1.155058e-005	1.210643e+001
	1.165558e-005	1.212304e+001
	1.166789e-005	1.212448e+001
	1.169251e-005	1.212665e+001
	1.170892e-005	1.212791e+001
	1.172533e-005	1.212906e+001
	1.174174e-005	1.213008e+001
	1.175816e-005	1.213099e+001
	1.177457e-005	1.213178e+001
	1.179098e-005	1.213245e+001
	1.180739e-005	1.213300e+001
	1.185202e-005	1.213412e+001
	1.185266e-005	1.213414e+001
	1.185392e-005	1.213416e+001
	1.185645e-005	1.213420e+001
	1.186151e-005	1.213429e+001
	1.186651e-005	1.213436e+001
	1.187151e-005	1.213443e+001
	1.187347e-005	1.213446e+001
	1.187480e-005	1.213447e+001
	1.187569e-005	1.213448e+001
	1.187647e-005	1.213448e+001
	1.187728e-005	1.213448e+001
	1.187826e-005	1.213447e+001
	1.187916e-005	1.213444e+001
	1.188015e-005	1.213439e+001
	1.188108e-005	1.213430e+001
	1.188208e-005	1.213412e+001
	1.188305e-005	1.213382e+001
	1.188407e-005	1.213335e+001
	1.188447e-005	1.213309e+001
	1.188475e-005	1.213287e+001
	1.188492e-005	1.213271e+001
	1.188506e-005	1.213258e+001
	1.188525e-005	1.213239e+001
	1.188542e-005	1.213220e+001
	1.188568e-005	1.213188e+001
	1.188595e-005	1.213155e+001
	1.188630e-005	1.213112e+001
	1.188662e-005	1.213073e+001
	1.188706e-005	1.213023e+001
	1.188747e-005	1.212977e+001
	1.188797e-005	1.212923e+001
	1.188848e-005	1.212869e+001
	1.188910e-005	1.212804e+001
	1.188989e-005	1.212723e+001
	1.189075e-005	1.212635e+001
	1.189161e-005	1.212549e+001
	1.189255e-005	1.212457e+001
	1.189354e-005	1.212360e+001
	1.189462e-005	1.212258e+001
	1.189580e-005	1.212148e+001
	1.189712e-005	1.212027e+001
	1.189864e-005	1.211892e+001
	1.190047e-005	1.211732e+001
	1.190214e-005	1.211589e+001
	1.190396e-005	1.211438e+001
	1.190759e-005	1.211146e+001
	1.191485e-005	1.210583e+001
	1.192275e-005	1.210000e+001
	1.193306e-005	1.209276e+001
	1.194474e-005	1.208501e+001
	1.196254e-005	1.207400e+001
	1.198703e-005	1.206017e+001
	1.201922e-005	1.204428e+001
	1.207494e-005	1.202205e+001
	1.217788e-005	1.199273e+001
	1.234902e-005	1.196471e+001
	1.269130e-005	1.193707e+001
	1.277687e-005	1.193389e+001
	1.294801e-005	1.193121e+001
	1.299079e-005	1.193066e+001
	1.308883e-005	1.192958e+001
	1.315687e-005	1.192892e+001
	1.316017e-005	1.192889e+001
	1.316205e-005	1.192887e+001
	1.316367e-005	1.192886e+001
	1.316583e-005	1.192884e+001
	1.316758e-005	1.192884e+001
	1.316910e-005	1.192885e+001
	1.317049e-005	1.192888e+001
	1.317182e-005	1.192894e+001
	1.317321e-005	1.192907e+001
	1.317457e-005	1.192929e+001
	1.317553e-005	1.192953e+001
	1.317635e-005	1.192982e+001
	1.317677e-005	1.193001e+001
	1.317696e-005	1.193010e+001
	1.317704e-005	1.193015e+001
	1.317741e-005	1.193037e+001
	1.317755e-005	1.193046e+001
	1.317768e-005	1.193055e+001
	1.317781e-005	1.193065e+001
	1.317795e-005	1.193075e+001
	1.317808e-005	1.193085e+001
	1.317821e-005	1.193095e+001
	1.317834e-005	1.193106e+001
	1.317923e-005	1.193182e+001
	1.318101e-005	1.193345e+001
	1.318270e-005	1.193508e+001
	1.318609e-005	1.193841e+001
	1.319022e-005	1.194247e+001
	1.319404e-005	1.194616e+001
	1.319751e-005	1.194946e+001
	1.320074e-005	1.195248e+001
	1.320325e-005	1.195481e+001
	1.320565e-005	1.195700e+001
	1.320804e-005	1.195916e+001
	1.321088e-005	1.196169e+001
	1.321465e-005	1.196500e+001
	1.321909e-005	1.196883e+001
	1.322450e-005	1.197338e+001
	1.323077e-005	1.197853e+001
	1.323849e-005	1.198466e+001
	1.324649e-005	1.199080e+001
	1.325426e-005	1.199656e+001
	1.326186e-005	1.200200e+001
	1.326948e-005	1.200726e+001
	1.327713e-005	1.201236e+001
	1.328480e-005	1.201729e+001
	1.329245e-005	1.202205e+001
	1.330011e-005	1.202663e+001
	1.330777e-005	1.203106e+001
	1.331543e-005	1.203533e+001
	1.332309e-005	1.203945e+001
	1.335356e-005	1.205440e+001
	1.336470e-005	1.205932e+001
	1.337583e-005	1.206400e+001
	1.338697e-005	1.206844e+001
	1.339810e-005	1.207265e+001
	1.340923e-005	1.207662e+001
	1.342037e-005	1.208036e+001
	1.343150e-005	1.208386e+001
	1.346893e-005	1.209428e+001
	1.352694e-005	1.210664e+001
	1.363049e-005	1.212320e+001
	1.364279e-005	1.212465e+001
	1.366738e-005	1.212686e+001
	1.368308e-005	1.212809e+001
	1.369878e-005	1.212921e+001
	1.371447e-005	1.213023e+001
	1.373017e-005	1.213113e+001
	1.374587e-005	1.213193e+001
	1.376157e-005	1.213262e+001
	1.377727e-005	1.213320e+001
	1.382823e-005	1.213456e+001
	1.382941e-005	1.213458e+001
	1.383178e-005	1.213463e+001
	1.383651e-005	1.213471e+001
	1.384151e-005	1.213479e+001
	1.384651e-005	1.213486e+001
	1.384848e-005	1.213489e+001
	1.384981e-005	1.213490e+001
	1.385073e-005	1.213491e+001
	1.385154e-005	1.213492e+001
	1.385232e-005	1.213492e+001
	1.385315e-005	1.213492e+001
	1.385410e-005	1.213491e+001
	1.385502e-005	1.213488e+001
	1.385599e-005	1.213482e+001
	1.385694e-005	1.213471e+001
	1.385793e-005	1.213451e+001
	1.385891e-005	1.213416e+001
	1.385993e-005	1.213362e+001
	1.386034e-005	1.213333e+001
	1.386059e-005	1.213310e+001
	1.386076e-005	1.213294e+001
	1.386093e-005	1.213275e+001
	1.386114e-005	1.213252e+001
	1.386141e-005	1.213219e+001
	1.386169e-005	1.213184e+001
	1.386204e-005	1.213142e+001
	1.386239e-005	1.213100e+001
	1.386280e-005	1.213053e+001
	1.386324e-005	1.213005e+001
	1.386374e-005	1.212952e+001
	1.386425e-005	1.212897e+001
	1.386494e-005	1.212826e+001
	1.386576e-005	1.212741e+001
	1.386661e-005	1.212654e+001
	1.386750e-005	1.212566e+001
	1.386845e-005	1.212473e+001
	1.386947e-005	1.212375e+001
	1.387057e-005	1.212271e+001
	1.387180e-005	1.212157e+001
	1.387316e-005	1.212033e+001
	1.387477e-005	1.211891e+001
	1.387672e-005	1.211722e+001
	1.387862e-005	1.211561e+001
	1.388058e-005	1.211400e+001
	1.388449e-005	1.211088e+001
	1.389232e-005	1.210489e+001
	1.390047e-005	1.209894e+001
	1.391146e-005	1.209132e+001
	1.392380e-005	1.208326e+001
	1.394346e-005	1.207135e+001
	1.397062e-005	1.205645e+001
	1.400580e-005	1.203984e+001
	1.406951e-005	1.201627e+001
	1.419695e-005	1.198419e+001
	1.438926e-005	1.195803e+001
	1.477390e-005	1.193457e+001
	1.487006e-005	1.193200e+001
	1.503606e-005	1.193017e+001
	1.507741e-005	1.192977e+001
	1.513182e-005	1.192927e+001
	1.513316e-005	1.192926e+001
	1.513502e-005	1.192925e+001
	1.513674e-005	1.192923e+001
	1.513866e-005	1.192922e+001
	1.514031e-005	1.192922e+001
	1.514179e-005	1.192924e+001
	1.514318e-005	1.192927e+001
	1.514465e-005	1.192934e+001
	1.514598e-005	1.192947e+001
	1.514740e-005	1.192972e+001
	1.514831e-005	1.192996e+001
	1.514906e-005	1.193024e+001
	1.514942e-005	1.193040e+001
	1.514959e-005	1.193049e+001
	1.514966e-005	1.193053e+001
	1.515004e-005	1.193076e+001
	1.515019e-005	1.193086e+001
	1.515034e-005	1.193096e+001
	1.515049e-005	1.193107e+001
	1.515064e-005	1.193118e+001
	1.515079e-005	1.193129e+001
	1.515094e-005	1.193141e+001
	1.515109e-005	1.193154e+001
	1.515196e-005	1.193228e+001
	1.515352e-005	1.193373e+001
	1.515616e-005	1.193628e+001
	1.515928e-005	1.193936e+001
	1.516271e-005	1.194272e+001
	1.516614e-005	1.194604e+001
	1.516941e-005	1.194916e+001
	1.517245e-005	1.195201e+001
	1.517510e-005	1.195447e+001
	1.517752e-005	1.195670e+001
	1.517995e-005	1.195891e+001
	1.518242e-005	1.196112e+001
	1.518604e-005	1.196431e+001
	1.519010e-005	1.196784e+001
	1.519535e-005	1.197230e+001
	1.520113e-005	1.197708e+001
	1.520851e-005	1.198301e+001
	1.521668e-005	1.198936e+001
	1.522445e-005	1.199519e+001
	1.523213e-005	1.200075e+001
	1.523968e-005	1.200602e+001
	1.524737e-005	1.201120e+001
	1.525500e-005	1.201617e+001
	1.526269e-005	1.202100e+001
	1.527032e-005	1.202563e+001
	1.527800e-005	1.203012e+001
	1.528564e-005	1.203443e+001
	1.529332e-005	1.203861e+001
	1.531119e-005	1.204775e+001
	1.532307e-005	1.205338e+001
	1.533495e-005	1.205873e+001
	1.534683e-005	1.206379e+001
	1.535871e-005	1.206857e+001
	1.537059e-005	1.207307e+001
	1.538247e-005	1.207729e+001
	1.539435e-005	1.208122e+001
	1.542798e-005	1.209120e+001
	1.547723e-005	1.210285e+001
	1.556144e-005	1.211839e+001
	1.557932e-005	1.212091e+001
	1.561508e-005	1.212484e+001
	1.568659e-005	1.213058e+001
	1.569421e-005	1.213103e+001
	1.570184e-005	1.213145e+001
	1.570946e-005	1.213185e+001
	1.571708e-005	1.213222e+001
	1.572470e-005	1.213257e+001
	1.573232e-005	1.213288e+001
	1.573995e-005	1.213317e+001
	1.578649e-005	1.213466e+001
	1.580395e-005	1.213503e+001
	1.580536e-005	1.213505e+001
	1.580818e-005	1.213510e+001
	1.581318e-005	1.213519e+001
	1.581818e-005	1.213526e+001
	1.582318e-005	1.213533e+001
	1.582514e-005	1.213535e+001
	1.582647e-005	1.213537e+001
	1.582734e-005	1.213537e+001
	1.582813e-005	1.213537e+001
	1.582899e-005	1.213537e+001
	1.582997e-005	1.213535e+001
	1.583087e-005	1.213532e+001
	1.583185e-005	1.213525e+001
	1.583280e-005	1.213512e+001
	1.583379e-005	1.213489e+001
	1.583478e-005	1.213451e+001
	1.583560e-005	1.213404e+001
	1.583598e-005	1.213375e+001
	1.583621e-005	1.213355e+001
	1.583637e-005	1.213339e+001
	1.583654e-005	1.213321e+001
	1.583676e-005	1.213297e+001
	1.583703e-005	1.213263e+001
	1.583731e-005	1.213228e+001
	1.583766e-005	1.213186e+001
	1.583802e-005	1.213144e+001
	1.583843e-005	1.213097e+001
	1.583887e-005	1.213049e+001
	1.583936e-005	1.212996e+001
	1.583988e-005	1.212941e+001
	1.584057e-005	1.212869e+001
	1.584139e-005	1.212785e+001
	1.584224e-005	1.212699e+001
	1.584313e-005	1.212609e+001
	1.584408e-005	1.212517e+001
	1.584510e-005	1.212418e+001
	1.584620e-005	1.212315e+001
	1.584743e-005	1.212201e+001
	1.584880e-005	1.212077e+001
	1.585041e-005	1.211934e+001
	1.585237e-005	1.211765e+001
	1.585426e-005	1.211605e+001
	1.585624e-005	1.211442e+001
	1.586021e-005	1.211126e+001
	1.586814e-005	1.210520e+001
	1.587628e-005	1.209927e+001
	1.588737e-005	1.209160e+001
	1.589974e-005	1.208353e+001
	1.591966e-005	1.207149e+001
	1.594706e-005	1.205652e+001
	1.598261e-005	1.203981e+001
	1.604705e-005	1.201615e+001
	1.617592e-005	1.198406e+001
	1.636985e-005	1.195808e+001
	1.675772e-005	1.193492e+001
	1.685469e-005	1.193238e+001
	1.699735e-005	1.193084e+001
	1.700888e-005	1.193072e+001
	1.702041e-005	1.193061e+001
	1.703194e-005	1.193050e+001
	1.704347e-005	1.193039e+001
	1.705500e-005	1.193028e+001
	1.706653e-005	1.193017e+001
	1.707806e-005	1.193007e+001
	1.710736e-005	1.192981e+001
	1.711112e-005	1.192978e+001
	1.711301e-005	1.192976e+001
	1.711466e-005	1.192975e+001
	1.711685e-005	1.192974e+001
	1.711856e-005	1.192974e+001
	1.712005e-005	1.192975e+001
	1.712143e-005	1.192979e+001
	1.712290e-005	1.192987e+001
	1.712423e-005	1.193001e+001
	1.712566e-005	1.193027e+001
	1.712655e-005	1.193053e+001
	1.712730e-005	1.193082e+001
	1.712759e-005	1.193096e+001
	1.712773e-005	1.193103e+001
	1.712800e-005	1.193119e+001
	1.712814e-005	1.193128e+001
	1.712828e-005	1.193137e+001
	1.712842e-005	1.193147e+001
	1.712856e-005	1.193157e+001
	1.712870e-005	1.193167e+001
	1.712884e-005	1.193178e+001
	1.712898e-005	1.193189e+001
	1.712974e-005	1.193253e+001
	1.713125e-005	1.193391e+001
	1.713315e-005	1.193572e+001
	1.713632e-005	1.193884e+001
	1.713997e-005	1.194243e+001
	1.714341e-005	1.194577e+001
	1.714669e-005	1.194890e+001
	1.714980e-005	1.195184e+001
	1.715258e-005	1.195442e+001
	1.715500e-005	1.195665e+001
	1.715748e-005	1.195890e+001
	1.715993e-005	1.196110e+001
	1.716330e-005	1.196409e+001
	1.716725e-005	1.196753e+001
	1.717224e-005	1.197179e+001
	1.717788e-005	1.197649e+001
	1.718490e-005	1.198216e+001
	1.719315e-005	1.198861e+001
	1.720088e-005	1.199446e+001
	1.720866e-005	1.200012e+001
	1.721614e-005	1.200539e+001
	1.722388e-005	1.201064e+001
	1.723146e-005	1.201561e+001
	1.723919e-005	1.202050e+001
	1.724679e-005	1.202514e+001
	1.725450e-005	1.202968e+001
	1.726212e-005	1.203401e+001
	1.726981e-005	1.203823e+001
	1.728717e-005	1.204718e+001
	1.729851e-005	1.205262e+001
	1.730985e-005	1.205779e+001
	1.732119e-005	1.206270e+001
	1.733253e-005	1.206735e+001
	1.734387e-005	1.207174e+001
	1.735521e-005	1.207587e+001
	1.736655e-005	1.207974e+001
	1.739808e-005	1.208945e+001
	1.744273e-005	1.210062e+001
	1.753283e-005	1.211813e+001
	1.756372e-005	1.212195e+001
	1.761830e-005	1.212727e+001
	1.768008e-005	1.213196e+001
	1.768588e-005	1.213227e+001
	1.770904e-005	1.213331e+001
	1.773993e-005	1.213447e+001
	1.774176e-005	1.213453e+001
	1.777886e-005	1.213545e+001
	1.777957e-005	1.213546e+001
	1.778098e-005	1.213548e+001
	1.778379e-005	1.213554e+001
	1.778879e-005	1.213562e+001
	1.779379e-005	1.213570e+001
	1.779879e-005	1.213577e+001
	1.780076e-005	1.213579e+001
	1.780208e-005	1.213581e+001
	1.780295e-005	1.213581e+001
	1.780375e-005	1.213581e+001
	1.780461e-005	1.213581e+001
	1.780558e-005	1.213579e+001
	1.780649e-005	1.213576e+001
	1.780747e-005	1.213569e+001
	1.780842e-005	1.213556e+001
	1.780941e-005	1.213533e+001
	1.781040e-005	1.213495e+001
	1.781122e-005	1.213448e+001
	1.781160e-005	1.213420e+001
	1.781182e-005	1.213399e+001
	1.781199e-005	1.213383e+001
	1.781215e-005	1.213365e+001
	1.781237e-005	1.213341e+001
	1.781265e-005	1.213308e+001
	1.781293e-005	1.213273e+001
	1.781328e-005	1.213230e+001
	1.781363e-005	1.213188e+001
	1.781404e-005	1.213141e+001
	1.781448e-005	1.213093e+001
	1.781497e-005	1.213040e+001
	1.781549e-005	1.212986e+001
	1.781618e-005	1.212914e+001
	1.781700e-005	1.212829e+001
	1.781785e-005	1.212743e+001
	1.781875e-005	1.212654e+001
	1.781969e-005	1.212561e+001
	1.782072e-005	1.212463e+001
	1.782182e-005	1.212359e+001
	1.782305e-005	1.212245e+001
	1.782441e-005	1.212121e+001
	1.782603e-005	1.211979e+001
	1.782798e-005	1.211810e+001
	1.782987e-005	1.211650e+001
	1.783186e-005	1.211486e+001
	1.783582e-005	1.211171e+001
	1.784376e-005	1.210565e+001
	1.785190e-005	1.209972e+001
	1.786298e-005	1.209205e+001
	1.787535e-005	1.208398e+001
	1.789528e-005	1.207195e+001
	1.792267e-005	1.205698e+001
	1.795822e-005	1.204027e+001
	1.802265e-005	1.201663e+001
	1.815152e-005	1.198454e+001
	1.834546e-005	1.195857e+001
	1.873333e-005	1.193540e+001
	1.883030e-005	1.193287e+001
	1.897159e-005	1.193134e+001
	1.898714e-005	1.193118e+001
	1.900269e-005	1.193103e+001
	1.901825e-005	1.193088e+001
	1.903380e-005	1.193074e+001
	1.904936e-005	1.193060e+001
	1.906491e-005	1.193046e+001
	1.908046e-005	1.193032e+001
	1.908238e-005	1.193030e+001
	1.908620e-005	1.193027e+001
	1.908812e-005	1.193025e+001
	1.908978e-005	1.193024e+001
	1.909198e-005	1.193023e+001
	1.909368e-005	1.193023e+001
	1.909517e-005	1.193025e+001
	1.909655e-005	1.193028e+001
	1.909801e-005	1.193036e+001
	1.909934e-005	1.193051e+001
	1.910078e-005	1.193078e+001
	1.910167e-005	1.193104e+001
	1.910242e-005	1.193134e+001
	1.910268e-005	1.193147e+001
	1.910281e-005	1.193154e+001
	1.910316e-005	1.193175e+001
	1.910357e-005	1.193204e+001
	1.910412e-005	1.193246e+001
	1.910522e-005	1.193340e+001
	1.910659e-005	1.193466e+001
	1.910931e-005	1.193730e+001
	1.911234e-005	1.194028e+001
	1.911569e-005	1.194356e+001
	1.911913e-005	1.194690e+001
	1.912243e-005	1.195004e+001
	1.912546e-005	1.195290e+001
	1.912813e-005	1.195538e+001
	1.913056e-005	1.195760e+001
	1.913299e-005	1.195981e+001
	1.913546e-005	1.196202e+001
	1.913903e-005	1.196517e+001
	1.914307e-005	1.196869e+001
	1.914827e-005	1.197311e+001
	1.915403e-005	1.197787e+001
	1.916133e-005	1.198375e+001
	1.916955e-005	1.199015e+001
	1.917730e-005	1.199596e+001
	1.918501e-005	1.200154e+001
	1.919253e-005	1.200680e+001
	1.920024e-005	1.201201e+001
	1.920785e-005	1.201697e+001
	1.921556e-005	1.202181e+001
	1.922318e-005	1.202643e+001
	1.923087e-005	1.203094e+001
	1.923850e-005	1.203525e+001
	1.924618e-005	1.203943e+001
	1.926399e-005	1.204855e+001
	1.927579e-005	1.205415e+001
	1.928759e-005	1.205947e+001
	1.929939e-005	1.206451e+001
	1.931119e-005	1.206928e+001
	1.932299e-005	1.207376e+001
	1.933479e-005	1.207796e+001
	1.934659e-005	1.208189e+001
	1.937992e-005	1.209183e+001
	1.942848e-005	1.210341e+001
	1.951127e-005	1.211887e+001
	1.952933e-005	1.212145e+001
	1.956543e-005	1.212549e+001
	1.961959e-005	1.213004e+001
	1.966360e-005	1.213284e+001
	1.971837e-005	1.213495e+001
